      12,  -0.829018,  -0.009770,   0.002930
      28,  -0.829018,  -0.009282,   0.002930
      43,  -0.828530,  -0.007816,   0.002441
      59,  -0.828041,  -0.007328,   0.002441
      75,  -0.827552,  -0.007816,   0.002441
      90,  -0.826575,  -0.008305,   0.003418
     106,  -0.826087,  -0.008793,   0.003418
     121,  -0.825598,  -0.009282,   0.003418
     137,  -0.825110,  -0.008793,   0.003418
     153,  -0.820225,  -0.009770,   0.002930
     168,  -0.814362,  -0.009282,   0.002930
     184,  -0.798241,  -0.009282,   0.002441
     200,  -0.796287,  -0.009770,   0.001465
     215,  -0.793356,  -0.009770,   0.001465
     231,  -0.787494,  -0.009770,   0.002441
     246,  -0.782609,  -0.008793,   0.001953
     262,  -0.776746,  -0.007816,   0.001953
     278,  -0.772350,  -0.008793,   0.002441
     293,  -0.760625,  -0.009770,   0.002930
     309,  -0.755252,  -0.009770,   0.003418
     325,  -0.750855,  -0.008305,   0.001953
     340,  -0.870054,  -0.009770,   0.002930
     356,  -0.863214,  -0.008793,   0.001953
     371,  -0.857841,  -0.010259,   0.002441
     387,  -0.852467,  -0.009282,   0.002930
     403,  -0.846116,  -0.009282,   0.002930
     418,  -0.841231,  -0.008305,   0.001465
     434,  -0.836834,  -0.008305,   0.001953
     450,  -0.832438,  -0.008305,   0.002441
     465,  -0.827064,  -0.009282,   0.002441
     481,  -0.821690,  -0.009770,   0.003418
     496,  -0.816317,  -0.008793,   0.002441
     512,  -0.808012,  -0.008793,   0.001465
     527,  -0.801661,  -0.008793,   0.001465
     543,  -0.797264,  -0.009282,   0.002441
     559,  -0.790425,  -0.009770,   0.002930
     574,  -0.785051,  -0.009282,   0.001953
     590,  -0.781143,  -0.008793,   0.001953
     606,  -0.779189,  -0.009282,   0.002930
     621,  -0.773327,  -0.008793,   0.001953
     637,  -0.766976,  -0.008305,   0.002441
     652,  -0.761602,  -0.009282,   0.002930
     668,  -0.756229,  -0.009282,   0.001465
     684,  -0.871031,  -0.008305,   0.001953
     699,  -0.866146,  -0.010259,   0.002441
     715,  -0.862726,  -0.009282,   0.001953
     731,  -0.862237,  -0.009770,   0.001953
     746,  -0.860283,  -0.008305,   0.001465
     762,  -0.853933,  -0.009770,   0.002441
     778,  -0.849536,  -0.009282,   0.003418
     793,  -0.846116,  -0.008793,   0.003418
     809,  -0.840743,  -0.008793,   0.000977
     824,  -0.833903,  -0.008305,   0.001953
     840,  -0.822667,  -0.008793,   0.001953
     856,  -0.815340,  -0.009770,   0.002930
     871,  -0.810454,  -0.009282,   0.002441
     887,  -0.803615,  -0.009282,   0.002441
     902,  -0.798241,  -0.007816,   0.001953
     918,  -0.792379,  -0.008793,   0.002441
     934,  -0.784563,  -0.007328,   0.001953
     949,  -0.782120,  -0.008793,   0.002441
     965,  -0.777235,  -0.008305,   0.002441
     981,  -0.773815,  -0.009282,   0.002930
     996,  -0.770396,  -0.008305,   0.002441
    1012,  -0.765022,  -0.008305,   0.002930
    1027,  -0.759160,  -0.008305,   0.001465
    1043,  -0.752809,  -0.008305,   0.002441
    1059,  -0.869565,  -0.008305,   0.001465
    1074,  -0.862237,  -0.009282,   0.003418
    1090,  -0.851490,  -0.008305,   0.003418
    1106,  -0.845628,  -0.008305,   0.002930
    1121,  -0.840254,  -0.008305,   0.002930
    1137,  -0.834392,  -0.009282,   0.002930
    1152,  -0.829018,  -0.008793,   0.001953
    1168,  -0.824621,  -0.008793,   0.002930
    1183,  -0.819736,  -0.009770,   0.002441
    1199,  -0.813385,  -0.007328,   0.003906
    1215,  -0.807523,  -0.009282,   0.001953
    1230,  -0.800684,  -0.008305,   0.002441
    1246,  -0.794333,  -0.007816,   0.002930
    1262,  -0.789448,  -0.008793,   0.002441
    1277,  -0.784563,  -0.010259,   0.002441
    1293,  -0.779678,  -0.008305,   0.002930
    1309,  -0.774304,  -0.008305,   0.001953
    1324,  -0.768442,  -0.008793,   0.001953
    1340,  -0.763068,  -0.009770,   0.002441
    1356,  -0.757694,  -0.009282,   0.002441
    1371,  -0.757206,  -0.009770,   0.002441
    1387,  -0.756717,  -0.009770,   0.001953
    1402,  -0.754763,  -0.009282,   0.002441
    1418,  -0.873962,  -0.009770,   0.001953
    1433,  -0.867123,  -0.008793,   0.002930
    1449,  -0.862237,  -0.009282,   0.002930
    1465,  -0.857352,  -0.010259,   0.001465
    1481,  -0.853444,  -0.008793,   0.000977
    1496,  -0.833415,  -0.008793,   0.001953
    1512,  -0.827552,  -0.008793,   0.002441
    1527,  -0.822179,  -0.008305,   0.001465
    1543,  -0.816317,  -0.010259,   0.002441
    1559,  -0.808500,  -0.008305,   0.002930
    1574,  -0.802149,  -0.008793,   0.002441
    1590,  -0.797264,  -0.008793,   0.001953
    1605,  -0.791402,  -0.008305,   0.002441
    1621,  -0.786028,  -0.007816,   0.001953
    1637,  -0.780655,  -0.007816,   0.002441
    1652,  -0.775281,  -0.009282,   0.001953
    1668,  -0.767953,  -0.010747,   0.002930
    1683,  -0.763556,  -0.009770,   0.002441
    1699,  -0.758183,  -0.010259,   0.002441
    1715,  -0.752809,  -0.008305,   0.002441
    1730,  -0.871519,  -0.007816,   0.003906
    1746,  -0.866146,  -0.007816,   0.001465
    1762,  -0.860283,  -0.009282,   0.002441
    1777,  -0.854421,  -0.008305,   0.002441
    1793,  -0.851490,  -0.010259,   0.002930
    1808,  -0.848559,  -0.008793,   0.002441
    1824,  -0.842697,  -0.008305,   0.001953
    1840,  -0.838300,  -0.008305,   0.001953
    1855,  -0.833415,  -0.008793,   0.001465
    1871,  -0.828530,  -0.008305,   0.002441
    1887,  -0.822667,  -0.008793,   0.001953
    1902,  -0.812897,  -0.009770,   0.002441
    1918,  -0.808012,  -0.008793,   0.001953
    1933,  -0.800684,  -0.008305,   0.001953
    1949,  -0.794822,  -0.009770,   0.002930
    1965,  -0.789448,  -0.008305,   0.004395
    1980,  -0.783097,  -0.009282,   0.002441
    1996,  -0.779678,  -0.008793,   0.001465
    2012,  -0.779189,  -0.008793,   0.001465
    2027,  -0.776746,  -0.007816,   0.001953
    2043,  -0.771373,  -0.007328,   0.002441
    2058,  -0.765999,  -0.009282,   0.002441
    2074,  -0.761114,  -0.007328,   0.002441
    2090,  -0.754763,  -0.007816,   0.000977
    2105,  -0.873962,  -0.008305,   0.002441
    2121,  -0.858329,  -0.007816,   0.002930
    2137,  -0.852467,  -0.009282,   0.001465
    2152,  -0.847093,  -0.008305,   0.001465
    2168,  -0.841720,  -0.010259,   0.002441
    2184,  -0.837811,  -0.008793,   0.002930
    2199,  -0.837323,  -0.008793,   0.003418
    2215,  -0.831461,  -0.010747,   0.002441
    2230,  -0.825110,  -0.009282,   0.001465
    2246,  -0.819248,  -0.008305,   0.002441
    2261,  -0.812897,  -0.008793,   0.001465
    2277,  -0.807035,  -0.009282,   0.002930
    2293,  -0.795310,  -0.009282,   0.002441
    2308,  -0.790425,  -0.008305,   0.002441
    2324,  -0.786028,  -0.008305,   0.001953
    2340,  -0.780166,  -0.009282,   0.002441
    2355,  -0.774792,  -0.008793,   0.001953
    2371,  -0.767953,  -0.008793,   0.002441
    2387,  -0.763556,  -0.008305,   0.002441
    2402,  -0.756229,  -0.008793,   0.002441
    2418,  -0.751832,  -0.009282,   0.002441
    2433,  -0.871031,  -0.008793,   0.001953
    2449,  -0.866146,  -0.009282,   0.002441
    2465,  -0.860283,  -0.008305,   0.001953
    2480,  -0.853933,  -0.008793,   0.003418
    2496,  -0.848070,  -0.009770,   0.002930
    2511,  -0.841720,  -0.008305,   0.001953
    2527,  -0.837323,  -0.007328,   0.002441
    2543,  -0.832438,  -0.009282,   0.001953
    2558,  -0.828530,  -0.008305,   0.002441
    2574,  -0.823156,  -0.010259,   0.001953
    2590,  -0.821690,  -0.008793,   0.001953
    2605,  -0.816805,  -0.008305,   0.002930
    2621,  -0.811431,  -0.008793,   0.002930
    2637,  -0.807523,  -0.009282,   0.001953
    2652,  -0.807035,  -0.009282,   0.002441
    2668,  -0.802638,  -0.007328,   0.002441
